-356.703888948192
-12.3575648452412
-123.575669279778
611.464968152866
0
0
123.684174338383
0.0785311206259394
-0.0784462486271593
0
0.00805966647391308
-0.000330871987912082
-0.00334510728794145
0
0
0
0
0.0784306795712837
-0.0783458191139914
0
0.00805698203878029
-0.000328836352930365
-0.00334576961695431
0
0
0
0
0.0782865881919861
-0.078201728897568
0
0.00805413642021808
-0.000326371057999618
-0.00332652286876076
0
0
0
0
0.0780980191862
-0.0780131401289736
0
0.00805130547973692
-0.000323433817835332
-0.00333862347362705
0
0
0
0
0.077846571365626
-0.0777616842176201
0
0.0080468030704721
-0.000319779326243649
-0.00337413925140032
0
0
0
0
0.0774888809310141
-0.0774040406403742
0
0.00803895255073347
-0.000314810967296617
-0.00341513220889148
0
0
0
0
0.076926562884637
-0.0768417224547022
0
0.00803111796786519
-0.000304987450437826
-0.00333329051420018
0
0
0
0
0.0755902728137698
-0.0755054486486415
0
0.00800130637485921
-0.000273960261007546
-0.00321922891872609
0
0
0
0
0.0709116204197926
-0.0708267806771801
0
0.00792055000364091
-0.00018428428401214
-0.00326879326597521
0
0
0
0
0.058145179292751
-0.0580602226577014
0
0.00783310080693947
-5.5507499374944e-05
-0.00324763329964478
0
0
0
0
0.040787841571273
-0.0407023802755475
0
0.892211191928993
0.0323121653746661
-0.00341523292364984
0
0
0
0
532.268058864018
19.2626405159544
0
1.89388632076959e-06
6.99867249535913e-08
-0.00398953687392359
0
0
0
0
0.538267420488284
0.0194917605535226
0
-2.76284740215071e-11
4.37663264024473e-13
-0.00420253878338512
0
0
0
0
3.67902352199347e-06
1.58787484610663e-07
0
-2.96092886681164e-07
-3.38075903208408e-08
-0.00387790457950706
0
0
0
0
0
-7.79633367967025e-10
0
2.77017881764453e-13
2.45702455469672e-14
-0.00347007418075179
0
0
0
0
5.55747585435733e-08
1.1861338686618e-08
0
5.35043549106266e-18
7.79900439125737e-19
-0.00233370550091445
0
0
0
0
5.68132055859649e-12
3.61780792126473e-13
0
-4.87855123469643e-13
-4.16692795372489e-14
-0.00179403534309055
0
0
0
0
0
0
0
8.72864785770453e-21
1.79474501372096e-20
-0.00252483271864117
0
0
0
0
9.75501727101097e-14
8.33282297552515e-15
0
4.4711840421526e-24
6.04424203104132e-25
-0.00772957544508766
0
0
0
0
9.04062503010791e-18
4.62546441031209e-19
0
-5.80254566865506e-19
-3.29249232530715e-20
-0.00305167372074515
0
0
0
0
0
0
0
6.73022309622161e-24
3.8843773308439e-25
0.00320973364871918
0
0
0
0
1.16009859504362e-19
6.58312160501687e-21
0
-1.66311837165118e-24
-9.43391545274968e-26
0.00418717002267974
0
0
0
0
1.4550892796344e-23
6.55725605252373e-25
0
-6.03398634121053e-25
-3.95687156276551e-27
0.00046799414551631
0
0
0
0
0
-3.59006639043442e-26
0
2.64696528041553e-30
1.94624114246997e-31
-0.00897804550472527
0
0
0
0
1.20632872084602e-25
5.57630670482257e-27
0
-6.35467769840031e-31
-4.67231028236095e-32
-0.00970768407494521
0
0
0
0
1.63074740184915e-29
6.36523503446751e-31
0
-3.2634859569067e-31
6.22981021089212e-33
-0.00821061566174206
0
0
0
0
-3.84400187834353e-31
-4.57178569239678e-32
0
1.08407756996941e-36
5.95978265334498e-39
-0.00625694981154714
0
0
0
0
1.16476539577369e-31
4.84906947129561e-33
0
-2.10411255449771e-37
8.32665194705235e-43
-0.00671721512656222
0
0
0
0
1.5831748742121e-35
3.33032349072083e-37
0
-3.56125761536959e-37
-1.40411727885388e-38
-0.00689609546722379
0
0
0
0
0
0
0
0
0
0
