-90.9814687084094
998.729781031086
-101.519360981178
1019.10828025478
0
1.17522875026469e-35
122.155055162575
0.0799090989789875
-0.0798233325685942
0
0.0493253459952646
-0.0360216510539981
-0.00581214696100167
0
0
0
0
0.0798349536457863
-0.0797492140428346
0
0.0492730969979319
-0.0359703322807745
-0.00598404558487072
0
0
0
0
0.0797294876242631
-0.07964376478958
0
0.0492128194009799
-0.0359111119846901
-0.0053732577593453
0
0
0
0
0.0796058814867138
-0.0795201038425262
0
0.0491489942979127
-0.0358480483353764
-0.00627023026390907
0
0
0
0
0.0794723914564202
-0.0793866489792379
0
0.0490804859020082
-0.0357805672903602
-0.00773374911880181
0
0
0
0
0.079328931060445
-0.0792431706114769
0
0.0490075252895828
-0.0357081862299224
-0.00514086873140899
0
0
0
0
0.0791747156813472
-0.0790889545868367
0
0.0489255936185108
-0.035627568402481
-0.00395523501766918
0
0
0
0
0.0790023361519161
-0.0789166071641887
0
0.048823152149004
-0.0355251556342786
-0.00611540667933663
0
0
0
0
0.0787822610373041
-0.0786965461294358
0
0.048678373974439
-0.0353827404975392
-0.00488251687122161
0
0
0
0
0.0784744416205285
-0.0783886836864554
0
0.0484744345174016
-0.0351772234019742
-0.000772160130450566
0
0
0
0
0.0780284266134004
-0.0779426814306987
0
0.0480277310806657
-0.0347358079442334
-0.0234358159374003
0
0
0
0
0.0770637236573748
-0.0769779792542806
0
0.046824386677253
-0.033527058218092
-0.0127377677304348
0
0
0
0
0.0744156956402549
-0.0743299795761914
0
0.0437441923266449
-0.0304573318762632
-0.0182599130759156
0
0
0
0
0.0676839812404069
-0.0675982553553922
0
0.0372901465901953
-0.0239695286651567
0.0181540595124219
0
0
0
0
0.0534736226250061
-0.0533878095031639
0
0.0966142352198059
-0.0132899683904854
0.00628520759007585
0
0
0
0
0.0354477522214438
-0.0353615067968462
0
240.449195274804
8.69368126819509
-0.0040591091496169
0
0
0
0
537.011265227997
19.4159138423524
0
0.211959525403898
0.00766724093165948
0.000447938989101595
0
0
0
0
0.477307361741768
0.0172657075411837
0
1.515445753296e-06
6.41541503692031e-08
-0.0158390130901768
0
0
0
0
3.41249618891055e-06
1.44437297488688e-07
0
-5.30180740343093e-07
-5.20555073730826e-08
-0.00542250345961326
0
0
0
0
-3.09967202924883e-09
0
0
2.78791325078429e-08
4.7980329230028e-09
-0.00430678483539197
0
0
0
0
6.27269188024494e-08
1.07955194882244e-08
0
2.47698613231808e-12
1.49768146651309e-13
-0.00325143486912954
0
0
0
0
5.57403950158755e-12
3.37041655256475e-13
0
-8.25405231564008e-13
-6.47291960650091e-14
-0.00267754870967567
0
0
0
0
0
0
0
4.40126044727246e-14
3.45180800332835e-15
-0.00978502337913386
0
0
0
0
9.90282845896765e-14
7.76650960926014e-15
0
3.93281029647261e-18
1.96907063907312e-19
0.0162610608312069
0
0
0
0
8.84977810973678e-18
4.43091104388685e-19
0
-9.54531607369332e-19
-4.79497648163445e-20
-0.0677426338510332
0
0
0
0
0
-6.0128554331439e-21
0
5.09014744347323e-20
2.77056247413807e-21
0.0588410153975357
0
0
0
0
1.14502811162718e-19
6.23372852410871e-21
0
3.6178320025597e-24
2.22474997746686e-25
-0.00326113216069128
0
0
0
0
1.44412864103036e-23
5.00628991170094e-25
0
-8.49026774578346e-25
-1.53709283701196e-26
-0.0187721432471829
0
0
0
0
0
-3.45867782721174e-26
0
-6.44824526093027e-29
-7.44560427198239e-31
-0.0199684393424847
0
0
0
0
0
-1.67527524672656e-30
0
0
0
0
